# Created by Octave 2.0.16, Fri Jul 28 13:19:52 2000 <gonzalez@charm>
# name: pts3d
# type: matrix
# rows: 920
# columns: 3
 -817.226128797 -324.5073 114.674019296531
 -817.212068937852 -274.7011 110.28642442521
 -817.197929734957 -224.8361 106.624235138748
 -817.183725051805 -174.9228 103.690747963298
 -817.169469058298 -124.9719 101.488360082487
 -817.155176218752 -74.9939 100.019169359417
 -817.140861198791 -24.9998 99.2841743582872
 -817.12653878121 24.9998 99.284174358144
 -817.112223761253 74.9939 100.019169358987
 -817.097930931709 124.9719 101.488360082129
 -817.083674938208 174.9228 103.690747962798
 -817.069470245084 224.8361 106.624235137463
 -817.055331052178 274.7011 110.286424424426
 -817.041271193042 324.5073 114.674019295607
 -768.564128073147 -374.2443 108.433388247141
 -768.550118527484 -324.5073 103.323892359447
 -768.53601541505 -274.7011 98.936205018804
 -768.521832294507 -224.8361 95.2741220808383
 -768.507583142993 -174.9228 92.3406400323204
 -768.493282315546 -124.9719 90.1382560223619
 -768.478944253007 -74.9939 88.668967895645
 -768.464583898207 -24.9998 87.9340741954703
 -768.450216091793 24.9998 87.9340741953985
 -768.435855726998 74.9939 88.6689678952141
 -768.421517674461 124.9719 90.1382560220031
 -768.407216837033 174.9228 92.3406400313167
 -768.392967695514 224.8361 95.2741220801939
 -768.378784574981 274.7011 98.9362050180178
 -768.364681452602 324.5073 103.323892357593
 -768.35067191691 374.2443 108.433388246074
 -719.748086169761 -423.9018 103.574354192923
 -719.734143724453 -374.2443 97.7474543140742
 -719.720093793047 -324.5073 92.6380666884328
 -719.705949575899 -274.7011 88.2503865253281
 -719.69172475256 -224.8361 84.5883096358672
 -719.677433362913 -174.9228 81.6547324729766
 -719.66308988602 -124.9719 79.4524521542
 -719.648708947942 -74.9939 77.9831664994232
 -719.634305507648 -24.9998 77.2481740399928
 -719.619894482353 24.9998 77.2481740399208
 -719.60549104206 74.9939 77.9831664992071
 -719.591110103987 124.9719 79.4524521538401
 -719.5767666271 174.9228 81.6547324724733
 -719.562475237461 224.8361 84.5883096352209
 -719.548250404164 274.7011 88.2503865237511
 -719.534106187039 324.5073 92.6380666865729
 -719.520056265604 374.2443 97.7474543130038
 -719.50611383024 423.9018 103.574354192923
 -670.786280765179 -473.4697 100.10062095291
 -670.772421957892 -423.9018 93.5611132089254
 -670.758442115233 -374.2443 87.7342221433349
 -670.744354007357 -324.5073 82.6247423505013
 -670.730170952543 -274.7011 78.2370689906221
 -670.715906680391 -224.8361 74.5749978375449
 -670.701575362187 -174.9228 71.6415253064843
 -670.687191609889 -124.9719 69.4391484856123
 -670.672770093621 -74.9939 67.9699651759501
 -670.658325897117 -24.9998 67.2349738928646
 -670.643874092883 24.9998 67.2349738927924
 -670.629429896381 74.9939 67.9699651757334
 -670.615008380118 124.9719 69.4391484852514
 -670.600624627826 174.9228 71.6415253059795
 -670.58629330963 224.8361 74.5749978368968
 -670.57202902752 274.7011 78.2370689890407
 -670.557845992643 324.5073 82.6247423505013
 -670.543757874825 374.2443 87.7342221422614
 -670.529778022256 423.9018 93.561113206499
 -670.515919215004 473.4697 100.100620950206
 -621.68758972614 -522.9382 98.0143934959682
 -621.673830575993 -473.4697 90.7677731642365
 -621.659937453867 -423.9018 84.2282745966006
 -621.645922461721 -374.2443 78.401391835479
 -621.631798514391 -324.5073 73.2919194191591
 -621.617578957504 -274.7011 68.9042524699759
 -621.603277629317 -224.8361 65.2421867208698
 -621.588908811411 -174.9228 62.3087185530506
 -621.574487137446 -124.9719 60.1063450310496
 -621.560027510099 -74.9939 58.6370639297879
 -621.545545066615 -24.9998 57.9021737541605
 -621.531054923385 24.9998 57.902173754088
 -621.516572479903 74.9939 58.6370639295706
 -621.502112852561 124.9719 60.1063450306877
 -621.487691178602 174.9228 62.3087185525446
 -621.473322360704 224.8361 65.24218672022
 -621.459021032528 274.7011 68.9042524691831
 -621.444801465696 324.5073 73.2919194172891
 -621.430677518395 374.2443 78.4013918333265
 -621.416662536207 423.9018 84.2282745953842
 -621.4027694141 473.4697 90.7677731628812
 -621.38901027386 522.9382 98.0143934959682
 -572.460891225243 -572.2976 97.3172779116515
 -572.447247382749 -522.9382 89.3694394302021
 -572.433457068016 -473.4697 82.122828447694
 -572.419531895764 -423.9018 75.5833384691765
 -572.405484129282 -374.2443 69.7563634748114
 -572.391326687992 -324.5073 64.646997965023
 -572.377073093018 -274.7011 60.259337011495
 -572.362737150658 -224.8361 56.5972763207954
 -572.348333351221 -174.9228 53.6638122343668
 -572.333876378813 -124.9719 51.4614417955536
 -572.319381137405 -74.9939 49.9921627628859
 -572.304862956144 -24.9998 49.2572736243862
 -572.290337033856 24.9998 49.2572736243136
 -572.275818852597 74.9939 49.9921627626681
 -572.261323611194 124.9719 51.4614417951908
 -572.246866638792 174.9228 53.6638122338595
 -572.232462829385 224.8361 56.5972763194927
 -572.218126906982 274.7011 60.2593370114949
 -572.203873302052 324.5073 64.6469979640858
 -572.189715860777 374.2443 69.7563634737326
 -572.17566809431 423.9018 75.5833384679572
 -572.161742931984 473.4697 82.1228284476939
 -572.147952617251 522.9382 89.3694394302021
 -572.134308764891 572.2976 97.3172779100186
 -523.115364062265 -621.5383 98.0097813323985
 -523.101850526081 -572.2976 89.367218375558
 -523.088178602055 -522.9382 81.4193892428492
 -523.074359392379 -473.4697 74.1727869434221
 -523.060404571253 -423.9018 67.6332049333705
 -523.046326463363 -374.2443 61.8063371474403
 -523.032138071238 -324.5073 56.6969780425321
 -523.017852881248 -274.7011 52.3093226615146
 -523.003484945405 -224.8361 48.6472666623871
 -522.989048702145 -174.9228 45.7138063680032
 -522.974559014262 -124.9719 43.5114387924432
 -522.96003081559 -74.9939 42.042161679347
 -522.945479495707 -24.9998 41.3072735041201
 -522.930920494293 24.9998 41.3072735040473
 -522.916369174412 74.9939 42.0421616791287
 -522.901840975745 124.9719 43.5114387920797
 -522.887351287868 174.9228 45.7138063674947
 -522.872915044617 224.8361 48.6472666617342
 -522.858547098816 274.7011 52.3093226599215
 -522.844261928762 324.5073 56.6969780425321
 -522.830073536637 374.2443 61.8063371474403
 -522.815995418822 423.9018 67.6332049321485
 -522.802040597714 473.4697 74.1727869420605
 -522.788221388059 522.9382 81.4193892413494
 -522.774549473919 572.2976 89.3672183755579
 -522.76103596726 621.5383 98.0097813377134
 -473.660587605708 -670.6511 100.09141189988
 -473.647218611928 -621.5383 90.7611174434077
 -473.633680201512 -572.2976 82.118563630101
 -473.619982508151 -522.9382 74.1707430942175
 -473.606136799195 -473.4697 66.9240487772291
 -473.592154767936 -423.9018 60.384574095284
 -473.578048829253 -374.2443 54.5577129368434
 -473.56383197819 -324.5073 49.4482597273303
 -473.549517864275 -274.7011 45.060709464513
 -473.535120554881 -224.8361 41.3985577809483
 -473.520654604682 -174.9228 38.4651009703919
 -473.506134814004 -124.9719 36.2628360317373
 -473.491576394702 -74.9939 34.7935606830411
 -473.476994705303 -24.9998 34.0585733932833
 -473.462405284697 24.9998 34.0585733932104
 -473.4478235953 74.9939 34.7935606828224
 -473.433265176002 124.9719 36.262836031373
 -473.418745385331 174.9228 38.4651009698823
 -473.404279435141 224.8361 41.3985577802941
 -473.389882125757 274.7011 45.0607094637148
 -473.375568011854 324.5073 49.448259726389
 -473.361351160806 374.2443 54.55771293576
 -473.347245222139 423.9018 60.3845740940594
 -473.333263190899 473.4697 66.9240487758647
 -473.319417472077 522.9382 74.1707430912119
 -473.305719818217 572.2976 82.1185636333806
 -473.29218136839 621.5383 90.7611174398573
 -473.278812413924 670.6511 100.091411903698
 -424.106242163183 -719.6271 103.560578645141
 -424.093031256329 -670.6511 93.550045009973
 -424.079640428516 -621.5383 84.2197593386504
 -424.066079348928 -572.2976 75.577213856105
 -424.052358373265 -522.9382 67.6293011208975
 -424.038488627609 -473.4697 60.3827140616215
