# name: fractions
# type: range
# base, limit, increment
0.02 0.98 0.02
# name: q
# type: matrix
# rows: 1
# columns: 49
 2.05740205740309 2.27802094648493 3.25100562267823 4.54515139052493 5.26118101199965 5.05686778200754 8.10259698628021 17.9444455194358 4.95059249111376 5.92148942725031 4.60446267820947 5.33035303728653 4.26669124079834 4.24852915724959 4.67456134942347 4.51910498634656 4.16772678135985 3.88847302749018 3.93555092478843 3.77572271013189 3.7952078898991 3.7118623463057 3.4297987796279 3.57656861349461 3.55610172453189 3.39790131697557 3.5204292695452 3.48951089810942 3.55548660681814 3.33046809249272 3.51041804541011 3.31762515653787 3.30053999879002 3.44061466093754 3.40023804642622 3.38856969271455 3.31203164693294 3.30389657445265 3.42541242948832 3.28285892149095 3.17359712750588 3.14364672216053 3.22794679104271 3.19692311420202 3.18043969799907 3.284186044154 3.1786242066998 3.19432498678706 3.19782569788316
